,Equipos,JJ,Puntos,PPJ,Yds_totales,Yds_tot/partido,Yds_pase,Yds_pase/partido,Yds_Tierra,Yds_tierra/partido,1y10s,1y10s_pase,1Y10s_Tierra,1y10s_castigo,Int_lanzadas,Fumbles_Perdidos,Turnovers_Totales
0,Águilas Blancas ,8 ,196 ,24.5 ,2903 ,362.875 ,2191 ,273.875 ,712 ,89 ,131 ,79 ,36 ,16 ,11 ,6 ,17 
1,Auténticos Tigres ,8 ,247 ,30.875 ,3086 ,385.75 ,1535 ,191.875 ,1551 ,193.875 ,151 ,58 ,70 ,23 ,3 ,6 ,9 
2,Aztecas UDLAP ,8 ,133 ,16.625 ,2272 ,284 ,1691 ,211.375 ,581 ,72.625 ,112 ,69 ,33 ,10 ,14 ,9 ,23 
3,Borregos CCM ,8 ,117 ,14.625 ,1672 ,209 ,1081 ,135.125 ,591 ,73.875 ,83 ,41 ,29 ,13 ,9 ,11 ,20 
4,Borregos CEM ,8 ,161 ,20.125 ,2535 ,316.875 ,1812 ,226.5 ,723 ,90.375 ,130 ,68 ,50 ,12 ,6 ,7 ,13 
5,Borregos GDL ,8 ,144 ,18 ,2193 ,274.125 ,1429 ,178.625 ,764 ,95.5 ,83 ,45 ,34 ,4 ,6 ,5 ,11 
6,Borregos MTY ,8 ,228 ,28.5 ,3195 ,399.375 ,2159 ,269.875 ,1036 ,129.5 ,150 ,78 ,57 ,15 ,13 ,7 ,20 
7,Borregos PUE ,8 ,264 ,33 ,3020 ,377.5 ,1767 ,220.875 ,1253 ,156.625 ,103 ,56 ,43 ,4 ,5 ,2 ,7 
8,Burros Blancos ,8 ,120 ,15 ,2119 ,264.875 ,1491 ,186.375 ,628 ,78.5 ,116 ,70 ,33 ,13 ,12 ,9 ,21 
9,Leones MX ,8 ,132 ,16.5 ,2406 ,300.75 ,1786 ,223.25 ,620 ,77.5 ,122 ,65 ,42 ,15 ,9 ,6 ,15 
10,Linces UVM ,8 ,176 ,22 ,2423 ,302.875 ,1789 ,223.625 ,634 ,79.25 ,120 ,72 ,33 ,15 ,5 ,18 ,23 
11,Potros UAEM ,8 ,62 ,7.75 ,1093 ,136.625 ,623 ,77.875 ,470 ,58.75 ,69 ,25 ,28 ,16 ,8 ,4 ,12 
12,Pumas ACA ,8 ,163 ,20.375 ,2651 ,331.375 ,1370 ,171.25 ,1281 ,160.125 ,127 ,42 ,59 ,26 ,9 ,4 ,13 
13,Pumas CU ,8 ,231 ,28.875 ,3261 ,407.625 ,1973 ,246.625 ,1288 ,161 ,149 ,74 ,58 ,17 ,3 ,8 ,11 
